2024 41
2023 388
2022 389
2021 391
2020 366
2019 397
2018 395
2017 394
2016 417
2015 406
2014 401
2013 389
2012 373
2011 397
2010 391
2009 369
2008 388
2007 369
2006 406
2005 389
2004 403
2003 420
2002 468
2001 416
2000 401
1999 422
1998 402
1997 397
1996 383
1995 382
1994 438
1993 423
1992 386
1991 348
1990 378
1989 363
1988 353
1987 333
1986 337
1985 391
1984 355
1983 343
1982 401
1981 378
1980 357
1979 384
1978 268
1977 291
1976 279
1975 238
1974 212
1973 200
1972 199
1971 197
1970 177
1969 171
1968 165
1967 151
1966 151
1965 182
1964 16
1963 143
1962 146
1961 168
1960 151
1959 132
1958 131
1957 199
1956 71
1955 100
1954 112
1953 129
1952 206
1951 37
1950 160
1949 153
1948 134
1947 121
1946 149